world: d1adcd43-dec1-4916-bbc7-aeb7cb666c34
world-name: LobbyAll
x: 210.6561159669251
y: 152.0
z: 113.65433905195839
yaw: 314.67724609375
pitch: -4.7215820814017206E-5
name: Bedwarsw
lastowner: 9fc55c8e-ee33-4f8f-a2a0-eaa4fbb5eb12
