world: 3d79dd36-5ac9-4f0b-8250-0dc4b73d1ae7
world-name: City
x: -3.68024235701012
y: 21.0
z: 1.5268741144364029
yaw: 178.79953002929688
pitch: 7.800000190734863
name: City
lastowner: 9fc55c8e-ee33-4f8f-a2a0-eaa4fbb5eb12
