world: c00389a9-f8f2-4247-a432-c4fe1c7d9b46
world-name: Work1
x: 0.5386606439494199
y: 10.0
z: 2.477389243514433
yaw: -359.2464599609375
pitch: -3.450033664703369
name: CreatorWorld
lastowner: 9fc55c8e-ee33-4f8f-a2a0-eaa4fbb5eb12
