world: e81a4ea7-3541-4769-8136-2127d35b79be
world-name: PlotEnd
x: 160.67852966065468
y: 57.0
z: 20.50864296565045
yaw: 89.8525390625
pitch: -13.649970054626465
name: End
lastowner: 9fc55c8e-ee33-4f8f-a2a0-eaa4fbb5eb12
