world: 7a31dbac-7575-4852-9dc5-179521c9c2be
world-name: Farmwelt
x: 0.0
y: 77.0
z: 0.0
yaw: 0.14998838305473328
pitch: -4.050166606903076
name: Farmwelt
lastowner: 9fc55c8e-ee33-4f8f-a2a0-eaa4fbb5eb12
