world: d1adcd43-dec1-4916-bbc7-aeb7cb666c34
world-name: LobbyAll
x: 21.61195262265234
y: 72.0
z: 11.519299840066003
yaw: 90.24972534179688
pitch: 0.8999547958374023
name: Lobby
lastowner: 9fc55c8e-ee33-4f8f-a2a0-eaa4fbb5eb12
