world: f04fd323-addb-44fd-b8ea-25acd0f4285b
world-name: PlotNeter
x: 34.658902671875424
y: 64.875
z: -25.357212574268726
yaw: 91.3505859375
pitch: -5.400014877319336
name: Nether
lastowner: 9fc55c8e-ee33-4f8f-a2a0-eaa4fbb5eb12
