world: c0e5abf1-4224-434d-9aee-4987a59065ca
world-name: PlotWorld
x: -0.5257016072284832
y: 68.0
z: 0.6423993627929372
yaw: -0.59942626953125
pitch: 4.349849224090576
name: PlotSpawn
lastowner: 9fc55c8e-ee33-4f8f-a2a0-eaa4fbb5eb12
