world: d1adcd43-dec1-4916-bbc7-aeb7cb666c34
world-name: LobbyAll
x: 174.5491551866512
y: 192.0
z: 149.48588950681324
yaw: 314.720703125
pitch: -0.6000107526779175
name: Skywars
lastowner: 9fc55c8e-ee33-4f8f-a2a0-eaa4fbb5eb12
